1: 1,1,2,3,3,4,4,4,4,5,5,5,5
2: 1,1,1,1,3,3,3,3,4,4,4,4,5
12: 1,1,2,2,2,3,3,4,4,5,5,5,5
3: 1,1,1,1,2,2,2,2,3,4,4,4,4
13: 1,1,2,2,2,3,3,4,4,4,4,5,5
23: 1,1,1,1,2,2,3,4,4,4,5,5,5
123: 1,1,2,2,2,3,3,4,4,4,4,5,6
4: 1,1,1,1,2,2,3,3,3,4,4,4,5
14: 1,1,2,2,2,2,3,3,3,3,4,4,4
24: 1,1,1,1,2,2,3,3,3,3,4,4,4
124: 1,1,1,2,2,2,3,3,3,3,5,5,5
34: 1,1,1,1,2,2,2,2,3,3,5,5,5
134: 1,1,1,2,2,2,2,3,3,3,5,5,5
234: 1,1,1,1,2,2,2,3,3,3,4,4,4
1234: 1,1,1,2,3,3,3,4,4,4,6,6,6
5: 1,1,1,1,2,2,2,2,3,3,4,5,5
15: 1,2,2,2,2,3,3,3,3,4,4,4,4
25: 1,1,1,1,2,3,3,3,3,4,4,4,4
125: 1,1,1,2,2,3,3,3,3,4,4,4,4
35: 1,1,1,1,2,2,2,2,3,3,3,5,5
135: 1,1,1,2,2,2,2,3,3,4,4,4,4
235: 1,1,1,1,2,2,2,3,3,4,4,4,4
1235: 1,1,1,2,2,2,3,3,3,4,4,4,4
45: 1,1,1,1,2,2,2,2,3,3,3,3,4
145: 1,1,1,2,2,2,2,3,3,3,3,4,4
245: 1,1,1,1,2,2,2,3,3,3,3,4,4
1245: 1,1,1,2,2,2,3,3,3,3,4,4,4
345: 1,1,1,1,2,2,2,2,3,3,3,4,4
1345: 1,1,1,2,2,2,2,3,3,3,4,4,4
2345: 1,1,1,1,2,2,3,3,3,4,5,5,5
12345: 1,1,1,2,2,3,3,3,4,4,5,5,5
6: 1,1,1,1,2,2,2,2,3,3,3,3,6
16: 1,1,2,3,3,3,3,4,4,4,5,5,6
26: 1,1,1,1,2,2,2,3,3,3,3,6,6
126: 1,2,2,2,3,3,3,3,4,4,4,4,5
36: 1,1,1,1,2,2,2,3,4,4,4,4,5
136: 1,1,2,2,2,2,3,3,4,4,4,4,5
236: 1,1,1,1,2,2,3,3,4,5,5,5,5
1236: 1,1,1,2,2,3,3,3,4,4,4,4,5
46: 1,1,1,1,2,2,2,3,3,3,4,6,6
146: 1,2,2,3,3,3,3,4,4,5,5,5,5
246: 1,1,1,1,2,2,2,3,3,3,3,4,5
1246: 1,1,1,2,3,3,3,3,4,5,5,5,5
346: 1,1,1,1,2,2,2,2,3,3,3,4,5
1346: 1,1,1,2,2,2,2,3,3,4,4,4,5
2346: 1,1,1,1,2,3,3,3,4,5,5,5,5
12346: 1,1,1,2,2,3,3,4,4,4,5,5,5
56: 1,1,1,2,2,2,2,3,3,3,3,4,6
156: 1,1,2,2,2,2,3,3,3,3,4,4,5
256: 1,1,1,1,2,2,3,3,3,3,4,4,5
1256: 1,1,1,2,3,3,3,3,4,4,4,4,5
356: 1,1,1,1,2,2,2,2,3,4,4,4,5
1356: 1,2,2,2,2,3,3,3,4,4,4,4,5
2356: 1,1,1,1,2,2,2,3,3,3,4,4,5
12356: 1,1,1,2,2,2,3,3,4,4,4,4,5
456: 1,1,1,1,2,3,3,3,3,4,4,4,5
1456: 1,1,1,2,2,2,2,3,3,3,3,4,5
2456: 1,1,1,2,2,3,3,3,3,4,4,4,5
12456: 1,1,1,2,2,2,3,3,3,3,4,4,5
3456: 1,1,1,2,2,2,3,3,4,4,4,5,5
13456: 1,1,1,2,2,2,2,3,3,3,4,4,5
23456: 1,1,1,2,2,2,3,3,3,4,4,4,5
123456: 1,1,1,2,2,2,3,3,3,4,4,5,5
7: 1,1,1,1,2,2,2,2,3,3,3,3,7
17: 1,1,2,2,2,3,4,4,4,4,5,5,6
27: 1,1,1,2,2,3,4,4,4,4,5,5,6
127: 1,1,2,3,3,3,3,4,4,4,4,5,6
37: 1,1,1,2,2,2,4,4,4,4,5,6,7
137: 1,1,2,2,2,2,3,4,4,4,4,5,6
237: 2,2,3,4,4,4,4,5,5,6,6,6,6
1237: 1,1,1,2,2,3,3,4,4,4,4,5,6
47: 1,1,1,1,2,2,2,2,3,3,3,5,6
147: 1,1,2,2,2,2,3,3,3,3,4,5,6
247: 1,1,1,1,2,2,3,3,3,3,4,5,6
1247: 1,1,2,3,3,3,3,4,5,5,5,5,6
347: 1,1,1,1,2,2,2,2,3,4,4,5,6
1347: 1,1,1,2,2,2,2,3,3,3,4,5,6
2347: 1,1,1,1,2,2,2,3,3,3,4,5,6
12347: 1,1,1,2,2,3,3,4,5,5,5,5,6
57: 1,1,1,1,2,2,2,2,3,3,4,7,7
157: None
257: 1,1,1,2,2,2,3,3,3,3,4,7,7
1257: 2,3,3,4,4,4,4,5,5,6,6,6,6
357: 1,1,1,3,3,4,4,4,4,5,5,5,6
1357: 2,2,2,2,3,3,3,4,4,4,4,5,6
2357: 3,3,4,4,4,4,5,5,5,6,6,6,6
12357: 2,2,2,3,4,4,4,4,5,6,6,6,6
457: 1,1,1,2,2,2,3,3,3,4,5,5,6
1457: 1,2,2,2,2,3,3,3,3,4,4,5,6
2457: 1,1,1,1,2,3,3,3,3,4,4,5,6
12457: 1,1,1,2,2,3,3,3,3,4,4,5,6
3457: 1,2,2,2,2,3,3,3,4,4,4,5,6
13457: 1,2,2,2,2,3,4,4,5,6,6,6,6
23457: 1,1,1,2,2,2,3,3,4,4,4,5,6
123457: 1,1,1,2,2,2,3,3,3,4,4,5,6
67: 1,1,1,1,2,2,2,2,3,3,4,5,7
167: 2,3,4,4,4,4,5,5,5,5,6,7,7
267: 2,2,3,3,3,3,4,4,4,4,5,5,6
1267: None
367: 1,1,1,3,3,4,4,4,4,5,5,6,6
1367: 2,2,2,2,3,3,4,4,4,4,5,5,6
2367: 1,1,1,3,4,4,4,4,5,5,5,5,6
12367: 2,2,2,3,4,4,4,4,5,5,5,5,6
467: 1,1,1,1,2,2,2,2,3,5,5,5,6
1467: 2,2,2,2,3,3,3,3,4,5,5,5,6
2467: 1,2,2,2,3,3,3,3,4,4,4,5,6
12467: 1,1,1,2,2,2,3,3,3,3,4,5,6
3467: 1,1,1,1,2,2,2,2,3,3,4,5,6
13467: 1,1,2,2,2,2,3,3,4,4,5,5,6
23467: 1,1,1,1,2,3,3,4,5,5,5,5,6
123467: 1,1,1,2,2,2,3,3,4,4,5,5,6
567: 1,2,3,3,3,3,4,4,4,4,5,5,6
1567: 1,1,1,2,3,4,4,4,4,5,5,5,6
2567: 1,1,1,3,4,4,4,4,5,5,5,6,6
12567: 2,2,2,3,3,3,3,4,4,4,4,5,6
3567: 1,1,1,3,3,3,4,4,4,4,5,5,6
13567: 1,2,2,2,2,3,3,4,4,4,4,5,6
23567: 2,2,2,3,3,3,4,4,4,4,5,5,6
123567: 1,1,1,2,2,2,3,4,4,4,4,5,6
4567: 1,1,1,1,2,2,3,3,4,5,5,5,6
14567: 1,1,1,2,2,2,2,3,4,5,5,5,6
24567: 2,2,2,3,3,3,3,4,4,4,5,5,6
124567: 1,1,1,2,3,3,3,3,4,4,5,5,6
34567: 1,1,1,2,2,2,4,4,4,5,5,6,6
134567: 1,1,1,2,2,2,2,3,3,4,4,5,6
234567: 1,1,1,2,2,3,3,3,4,4,4,5,6
1234567: 1,1,1,2,2,3,3,4,4,5,5,6,6
8: 1,1,1,1,2,2,2,2,3,3,3,3,8
18: 1,1,2,2,2,4,5,5,5,5,6,6,7
28: 1,2,2,2,3,3,4,5,5,5,5,6,7
128: 1,1,2,2,2,3,4,5,5,5,5,6,7
38: 1,1,1,3,3,4,5,5,5,5,6,6,7
138: None
238: 1,1,1,2,2,3,4,5,5,5,5,6,7
1238: 2,3,3,4,4,4,4,5,5,5,5,6,7
48: 1,1,1,3,3,3,5,5,5,5,6,7,8
148: 1,1,1,2,3,5,5,5,5,6,6,7,7
248: None
1248: 2,2,3,3,3,3,4,5,5,5,5,6,7
348: 3,3,4,5,5,5,5,6,6,7,7,7,7
1348: None
2348: 1,1,1,3,3,4,4,5,5,5,5,6,7
12348: 1,1,1,2,3,3,4,5,5,5,5,6,7
58: 1,1,1,1,2,2,2,2,3,3,3,6,7
158: 1,1,2,2,2,2,3,4,5,5,5,6,7
258: 1,1,1,3,3,3,3,4,4,4,5,6,7
1258: 1,1,2,2,2,3,3,3,3,4,5,6,7
358: 1,1,1,2,2,2,3,3,5,5,5,6,7
1358: 1,1,2,2,2,2,3,3,3,4,5,6,7
2358: 1,1,1,1,2,2,2,3,3,4,5,6,7
12358: 1,1,2,2,3,3,3,4,4,4,5,6,7
458: 1,1,1,2,2,2,3,3,3,5,5,6,7
1458: 1,1,2,2,2,2,3,3,4,4,5,6,7
2458: 1,1,1,3,3,3,3,4,5,5,5,6,7
12458: 1,1,1,2,2,3,3,3,3,4,5,6,7
3458: 1,2,2,2,2,3,3,3,4,4,5,6,7
13458: 1,1,1,2,2,2,2,3,3,4,5,6,7
23458: 1,1,1,2,2,2,3,3,4,4,5,6,7
123458: 1,1,1,2,2,2,3,4,4,4,5,6,7
68: 1,1,1,1,2,3,3,3,3,4,5,8,8
168: None
268: None
1268: None
368: 1,1,1,2,2,2,3,3,3,4,5,8,8
1368: None
2368: 3,4,4,5,5,5,5,6,6,7,7,7,7
12368: None
468: 1,1,1,4,4,5,5,5,5,6,6,6,7
1468: 2,3,4,5,5,5,5,6,6,7,7,7,7
2468: 3,3,3,3,4,4,4,5,5,5,5,6,7
12468: 2,3,4,4,4,5,5,5,5,6,6,6,7
3468: 4,4,5,5,5,5,6,6,6,7,7,7,7
13468: None
23468: 3,3,3,4,5,5,5,5,6,7,7,7,7
123468: None
568: 1,1,1,2,2,2,2,3,4,5,6,6,7
1568: None
2568: 2,2,3,3,3,3,4,4,5,5,5,6,7
12568: 2,3,3,3,3,4,4,4,4,5,5,6,7
3568: 1,1,1,2,2,2,2,3,4,5,5,6,7
13568: None
23568: 1,1,1,1,2,2,3,3,4,5,5,6,7
123568: 1,1,2,2,2,3,3,3,4,5,5,6,7
4568: 1,2,3,3,3,3,4,4,4,5,5,6,7
14568: 2,3,3,3,3,4,4,4,5,5,5,6,7
24568: 3,3,3,3,4,5,5,5,6,7,7,7,7
124568: 1,1,1,2,3,3,3,3,4,5,5,6,7
34568: 1,1,1,3,3,3,4,4,4,5,5,6,7
134568: 2,2,2,3,3,3,4,4,5,5,5,6,7
234568: 2,2,2,3,3,3,4,4,4,5,5,6,7
1234568: 2,2,2,3,4,5,5,6,6,7,7,7,7
78: 1,1,1,2,2,2,3,3,3,4,5,6,8
178: 1,1,1,2,3,4,4,4,4,5,6,8,8
278: 3,4,5,5,5,5,6,6,6,6,7,8,8
1278: None
378: 3,3,4,4,4,4,5,5,5,5,6,6,7
1378: None
2378: None
12378: None
478: 1,1,1,4,4,5,5,5,5,6,6,7,7
1478: 2,3,4,4,4,5,5,5,5,6,6,7,7
2478: 3,3,3,3,4,4,5,5,5,5,6,6,7
12478: 2,3,4,5,5,5,5,6,6,6,6,7,8
3478: 1,1,1,4,5,5,5,5,6,6,6,6,7
13478: 1,2,3,4,5,5,5,5,6,6,6,6,7
23478: 3,3,3,4,5,5,5,5,6,6,6,6,7
123478: 2,2,3,3,4,4,4,5,6,7,9,9,9
578: 1,1,1,1,2,2,2,2,3,6,6,6,7
1578: 1,2,3,4,4,4,4,5,6,6,6,6,7
2578: 1,1,1,3,3,3,4,4,4,4,5,6,7
12578: 1,2,3,3,3,3,4,4,4,4,5,6,7
3578: 2,2,2,4,4,4,4,5,6,6,6,6,7
13578: 2,3,3,3,4,4,4,4,5,5,5,6,7
23578: 3,4,4,4,4,5,5,5,6,6,6,6,7
123578: 2,2,2,3,3,3,4,4,4,4,5,6,7
4578: 1,1,1,3,3,3,4,5,5,5,6,6,7
14578: 1,2,2,2,2,3,3,3,3,4,5,6,7
24578: 1,1,1,1,2,3,3,3,3,4,5,6,7
124578: 1,1,1,2,3,3,3,3,4,4,5,6,7
34578: 1,1,1,3,3,4,4,4,5,5,5,6,7
134578: 1,2,3,3,3,4,4,4,5,5,5,6,7
234578: 2,2,2,3,3,3,4,4,5,5,6,6,7
1234578: 1,1,1,2,2,2,3,3,3,4,5,6,7
678: 1,1,1,2,3,4,5,6,6,6,7,8,8
1678: 2,3,4,4,4,4,5,5,5,5,6,6,7
2678: 1,1,1,3,4,5,5,5,5,6,6,6,7
12678: None
3678: 1,1,1,4,5,5,5,5,6,6,6,7,7
13678: None
23678: 3,3,3,4,4,4,4,5,5,5,5,6,7
123678: None
4678: 1,1,1,4,4,4,5,5,5,5,6,6,7
14678: 1,1,1,2,3,4,5,5,5,5,6,6,7
24678: 3,3,3,3,4,5,5,5,5,6,6,7,7
124678: 1,2,3,3,3,3,4,5,5,5,5,6,7
34678: 3,3,3,4,4,4,5,5,5,5,6,6,7
134678: 2,3,4,4,5,5,5,5,6,6,7,7,7
234678: 1,1,1,3,3,3,4,5,5,5,5,6,7
1234678: 2,2,2,3,4,5,5,5,5,6,7,7,7
5678: 1,2,2,2,2,3,3,4,5,6,6,6,7
15678: 2,3,4,4,4,4,5,5,5,6,6,6,7
25678: 1,1,1,2,2,2,3,4,5,6,6,6,7
125678: None
35678: 3,3,3,4,4,4,4,5,5,5,6,6,7
135678: None
235678: 2,2,3,3,4,4,5,5,5,6,6,6,7
1235678: 2,2,2,3,4,4,4,4,5,5,6,6,7
45678: 1,1,1,2,3,4,5,5,5,6,6,6,7
145678: 1,2,3,4,4,4,5,5,5,6,6,6,7
245678: 2,2,2,3,3,3,3,4,4,5,5,6,7
1245678: 2,3,3,3,3,4,5,5,5,6,6,7,7
345678: 2,2,2,3,3,4,4,4,5,5,5,6,7
1345678: 1,2,2,2,2,3,3,4,5,6,7,7,7
2345678: 2,2,2,3,3,4,4,5,5,6,6,7,7
12345678: 1,1,1,2,2,2,3,4,5,6,7,7,7
9: 1,1,1,1,2,2,2,2,3,3,3,3,9
19: 1,1,2,2,2,5,6,6,6,6,7,7,8
29: 1,1,1,2,2,5,6,6,6,6,7,7,8
129: None
39: 1,2,3,3,3,4,5,6,6,6,6,7,8
139: 1,1,2,2,2,4,5,6,6,6,6,7,8
239: 1,1,1,2,2,4,5,6,6,6,6,7,8
1239: 1,2,2,2,3,4,5,6,6,6,6,7,8
49: 1,1,1,4,4,5,6,6,6,6,7,7,8
149: 1,1,1,2,3,5,6,6,6,6,7,7,8
249: None
1249: None
349: 3,3,4,5,5,5,5,6,6,6,6,7,8
1349: 2,2,2,3,3,4,5,6,6,6,6,7,8
2349: 3,4,4,5,5,5,5,6,6,6,6,7,8
12349: None
59: 1,1,1,2,3,4,6,6,6,6,7,8,9
159: None
259: 2,2,2,3,4,6,6,6,6,7,7,8,8
1259: None
359: None
1359: None
2359: 3,3,4,4,4,4,5,6,6,6,6,7,8
12359: None
459: 4,4,5,6,6,6,6,7,7,8,8,8,8
1459: None
2459: None
12459: None
3459: 1,1,1,4,4,5,5,6,6,6,6,7,8
13459: 2,3,4,4,4,5,5,6,6,6,6,7,8
23459: 2,2,2,3,4,4,5,6,6,6,6,7,8
123459: None
69: 1,1,1,1,2,2,2,2,3,3,3,7,8
169: 1,1,2,3,3,3,3,4,4,5,6,7,8
269: 1,1,1,3,3,3,3,4,5,6,6,7,8
1269: 1,1,2,2,3,3,3,3,4,5,6,7,8
369: 1,1,1,1,2,2,2,3,4,5,6,7,8
1369: 1,2,2,2,3,4,4,4,4,5,6,7,8
2369: 1,1,1,1,2,3,3,3,4,5,6,7,8
12369: 2,2,3,3,3,4,4,4,4,5,6,7,8
469: 1,1,1,1,2,2,3,3,6,6,6,7,8
1469: 1,1,1,2,2,2,2,3,6,6,6,7,8
2469: 2,2,3,3,3,3,4,4,4,5,6,7,8
12469: None
3469: 1,1,1,2,2,2,3,4,4,5,6,7,8
13469: 1,1,2,2,2,2,3,3,4,5,6,7,8
23469: 1,1,1,3,3,4,5,5,5,5,6,7,8
123469: 1,1,1,2,2,2,3,3,4,5,6,7,8
569: 1,1,1,2,2,2,2,3,4,6,6,7,8
1569: None
2569: 2,2,3,3,3,3,4,4,5,5,6,7,8
12569: None
3569: 1,1,1,2,3,4,4,5,6,6,6,7,8
13569: None
23569: 1,1,1,2,3,3,3,4,4,5,6,7,8
123569: 2,2,2,3,3,4,4,4,4,5,6,7,8
4569: 1,2,3,3,3,3,4,4,5,5,6,7,8
14569: 2,3,3,3,3,4,4,4,5,5,6,7,8
24569: 2,2,2,3,3,3,3,4,4,5,6,7,8
124569: 1,2,3,3,3,3,4,5,5,5,6,7,8
34569: 2,2,2,3,3,4,4,4,5,5,6,7,8
134569: 2,2,2,3,3,3,4,4,5,5,6,7,8
234569: 1,1,1,3,3,3,4,4,5,5,6,7,8
1234569: None
79: 1,1,1,1,2,2,2,2,3,8,8,8,9
179: 1,1,1,2,3,4,4,4,4,5,6,9,9
279: None
1279: None
379: 3,4,5,6,6,6,6,7,8,8,8,8,9
1379: None
2379: None
12379: None
479: 1,1,1,5,5,5,6,6,6,6,7,8,9
1479: 2,3,4,5,5,5,6,6,6,6,7,8,9
2479: None
12479: None
3479: 4,5,5,6,6,6,6,7,7,8,8,8,8
13479: 2,2,2,3,4,5,6,6,6,6,7,8,9
23479: None
123479: None
579: 1,1,1,5,5,6,6,6,6,7,7,7,8
1579: None
2579: 3,4,5,6,6,6,6,7,7,8,8,8,8
12579: None
3579: 4,4,4,4,5,5,5,6,6,6,6,7,8
13579: None
23579: 3,4,5,5,5,6,6,6,6,7,7,7,8
123579: None
4579: 5,5,6,6,6,6,7,7,7,8,8,8,8
14579: None
24579: None
124579: None
34579: 4,4,4,5,6,6,6,6,7,8,8,8,8
134579: None
234579: None
1234579: None
679: 1,1,1,2,2,2,3,4,5,6,7,7,8
1679: 2,3,4,4,4,4,5,6,7,7,8,8,8
2679: None
12679: None
3679: 3,3,4,4,4,4,5,5,6,6,6,7,8
13679: 1,2,3,4,4,4,4,5,6,7,8,8,8
23679: 3,4,4,4,4,5,5,5,5,6,6,7,8
123679: None
4679: 1,1,1,2,2,2,5,5,5,6,6,7,8
14679: 2,2,2,3,3,3,3,4,5,6,6,7,8
24679: None
124679: None
34679: 2,2,2,3,4,4,4,5,5,6,6,7,8
134679: 1,2,2,2,2,3,3,4,5,6,6,7,8
234679: 2,2,3,3,3,4,4,4,5,6,6,7,8
1234679: 1,1,1,2,2,2,3,4,5,6,6,7,8
5679: 3,3,3,4,5,5,5,6,6,7,7,7,8
15679: 2,3,4,4,4,4,5,5,5,6,6,7,8
25679: 3,4,4,4,4,5,5,5,6,6,6,7,8
125679: None
35679: 4,4,4,4,5,6,6,6,7,8,8,8,8
135679: None
235679: 3,4,4,4,4,5,6,6,7,8,8,8,8
1235679: 2,2,2,3,4,4,4,4,5,6,6,7,8
45679: 1,1,1,4,4,4,5,5,5,6,6,7,8
145679: 1,1,1,2,3,4,5,5,5,6,6,7,8
245679: 3,3,3,4,4,4,5,5,6,6,6,7,8
1245679: None
345679: 3,3,3,4,4,4,5,5,5,6,6,7,8
1345679: None
2345679: 3,3,3,4,5,6,6,7,7,8,8,8,8
12345679: None
89: 1,1,1,2,2,2,2,3,4,5,6,7,9
189: None
289: 1,1,1,3,4,5,5,5,5,6,7,9,9
1289: None
389: 4,5,6,6,6,6,7,7,7,7,8,8,9
1389: None
2389: None
12389: None
489: 4,4,5,5,5,5,6,6,6,6,7,7,8
1489: 2,3,4,5,6,7,7,7,7,8,8,8,9
2489: None
12489: None
3489: None
13489: None
23489: None
123489: None
589: 1,1,1,5,5,6,6,6,6,7,7,8,8
1589: None
2589: 3,4,5,5,5,6,6,6,6,7,7,8,8
12589: None
3589: 4,4,4,4,5,5,6,6,6,6,7,7,8
13589: None
23589: 3,4,5,6,6,6,6,7,7,7,7,8,9
123589: None
4589: 1,1,1,5,6,6,6,6,7,7,7,7,8
14589: None
24589: 3,4,5,5,6,6,6,6,7,7,7,7,8
124589: 2,3,4,5,6,6,6,6,7,7,7,7,8
34589: 4,4,4,5,6,6,6,6,7,7,7,7,8
134589: None
234589: None
1234589: None
689: 1,1,1,1,2,2,2,2,3,7,7,7,8
1689: None
2689: 2,3,4,5,5,5,5,6,7,7,7,7,8
12689: None
3689: 1,1,1,4,4,4,5,5,5,5,6,7,8
13689: None
23689: 1,1,1,2,3,4,5,5,5,5,6,7,8
123689: None
4689: 3,3,3,5,5,5,5,6,7,7,7,7,8
14689: None
24689: 3,4,4,4,5,5,5,5,6,6,6,7,8
124689: None
34689: 4,5,5,5,5,6,6,6,7,7,7,7,8
134689: None
234689: 3,3,3,4,4,4,5,5,5,5,6,7,8
1234689: None
5689: 1,1,1,2,3,4,5,6,6,6,7,7,8
15689: None
25689: 3,3,3,3,4,4,4,4,5,5,6,7,8
125689: 2,3,3,3,3,4,4,4,4,5,6,7,8
35689: 1,1,1,2,2,2,2,3,4,5,6,7,8
135689: None
235689: 1,1,1,1,2,2,3,3,4,5,6,7,8
1235689: 1,1,2,2,2,3,3,3,4,5,6,7,8
45689: 1,2,3,3,3,3,4,4,4,5,6,7,8
145689: 2,3,4,5,5,5,6,6,7,7,7,7,8
245689: 3,3,3,3,4,5,5,6,7,7,7,7,8
1245689: 1,1,1,2,3,3,3,3,4,5,6,7,8
345689: 1,1,1,3,3,3,4,4,4,5,6,7,8
1345689: None
2345689: 2,2,2,3,3,3,4,4,4,5,6,7,8
12345689: 2,2,2,3,4,5,6,6,7,7,7,7,8
789: 3,4,4,4,4,5,5,6,7,8,8,8,9
1789: 2,3,4,4,4,4,5,6,7,8,8,8,9
2789: 3,4,5,5,5,5,6,6,6,6,7,7,8
12789: None
3789: 1,1,1,4,5,6,6,6,6,7,7,7,8
13789: None
23789: None
123789: None
4789: 1,1,1,5,6,6,6,6,7,7,7,8,8
14789: 2,3,4,5,6,6,6,6,7,7,7,8,8
24789: None
124789: None
34789: 4,4,4,5,5,5,5,6,6,6,6,7,8
134789: None
234789: None
1234789: None
5789: 1,1,1,5,5,5,6,6,6,6,7,7,8
15789: None
25789: 2,2,2,3,4,5,6,6,6,6,7,7,8
125789: None
35789: 4,4,4,4,5,6,6,6,6,7,7,8,8
135789: None
235789: 3,4,4,4,4,5,5,6,6,6,6,7,8
1235789: 2,3,4,4,4,4,5,6,6,6,6,7,8
45789: 4,4,4,5,5,5,6,6,6,6,7,7,8
145789: 2,3,4,5,6,6,6,6,7,7,8,8,8
245789: 3,4,5,5,6,6,6,6,7,7,8,8,8
1245789: 2,3,4,5,6,7,7,7,8,8,8,9,9
345789: 1,1,1,4,4,4,5,6,6,6,6,7,8
1345789: 1,2,3,4,5,6,6,6,6,7,8,8,8
2345789: 3,3,3,4,5,6,6,6,6,7,8,8,8
12345789: 1,1,1,2,3,4,5,6,6,6,6,7,8
6789: 1,2,3,3,3,3,4,5,6,7,7,7,8
16789: None
26789: 3,4,5,5,5,5,6,6,6,7,7,7,8
126789: None
36789: 1,1,1,3,3,3,4,5,6,7,7,7,8
136789: None
236789: 1,1,1,3,4,5,6,6,6,7,7,8,8
1236789: None
46789: 4,4,4,5,5,5,5,6,6,6,7,7,8
146789: 2,3,4,5,5,5,6,6,6,7,7,8,8
246789: None
1246789: None
346789: 3,3,4,4,5,5,6,6,6,7,7,7,8
1346789: 2,2,2,3,4,5,6,6,6,7,7,8,8
2346789: 3,3,3,4,5,5,5,5,6,6,7,7,8
12346789: None
56789: 2,2,2,3,4,5,6,6,6,7,7,7,8
156789: None
256789: 2,3,4,5,5,5,6,6,6,7,7,7,8
1256789: None
356789: 3,3,3,4,4,4,4,5,5,6,6,7,8
1356789: None
2356789: 3,4,4,4,4,5,6,6,6,7,7,8,8
12356789: 2,3,4,4,4,4,5,6,7,8,9,9,9
456789: 3,3,3,4,4,5,5,5,6,6,6,7,8
1456789: None
2456789: 3,3,3,3,4,4,5,5,6,7,8,8,8
12456789: 1,2,3,3,3,3,4,5,6,7,8,8,8
3456789: 3,3,3,4,4,5,5,6,6,7,7,8,8
13456789: None
23456789: 1,1,1,3,3,3,4,5,6,7,8,8,8
123456789: 1,1,1,2,3,4,5,6,7,8,9,9,9
